2019/2/22                                                91 學年度學科能力測驗社會科答對率及鑑別指數表



                                                      學年度學科能力測驗
                                                       91

                                                    社會科答對率及鑑別指數表
                  報考人數:146627                                 缺考人數:3489                      到考人數:143138

       題號          P        Ph       Pl       Pa        Pb    Pc   Pd     Pe   T   D    D1       D2    D3       D4
        1          48       66      31        72        55    46   38     27       35   17       9         8    11

        2          68       90      45        93        82    70   55     40       45   11       12        15   15
        3          66       84      47        87        78    69   58     42       37   9        9         11   16

        4          95       99      89        99        98    97   94     85       10   1        1         3    9

        5          75       82      69        85        78    75   73     66       13   7        3         2    7
        6          52       77      26        84        65    51   37     21       51   19       14        14   16

        7          87       98      70        99        97    94   87     61       28   2        3         7    26

        8          45       55      40        61        46    40   38     41       15   15       6         2    -3

        9          57       61      54        63        58    55   56     53       7    5        3         -1   3

        10         62       79      47        84        71    61   54     42       32   13       10        7    12

        11         63       81      47        85        73    62   54     43       34   12       11        8    11
        12         53       76      30        82        66    52   40     25       46   16       14        12   15

        13         84       96      68        98        93    87   78     63       28   5        6         9    15

        14         40       66      22        76        48    31   23     21       44   28       17        8    2

        15         56       79      36        86        66    51   40     34       43   20       15        11   6

        16         45       64      32        72        49    38   34     31       32   23       11        4    3

        17         80       97      57        98        94    87   75     47       40   4        7         12   28
        18         46       70      25        76        57    42   32     22       45   19       15        10   10

        19         74       92      51        94        87    78   65     44       41   7        9         13   21

        20         54       72      33        75        65    57   46     25       39   10       8         11   21

        21         71       90      50        93        84    72   59     45       40   9        12        13   14

        22         40       63      20        70        49    38   27     16       43   21       11        11   11

        23         88       98      72        99        97    92   84     66       26   2        5         8    18

        24         53       75      32        80        64    52   42     28       43   16       12        10   14

        25         69       87      48        90        82    72   61     41       39   8        10        11   20
        26         74       88      61        91        82    74   67     58       27   9        8         7    9

        27         79       94      61        95        90    84   76     52       33   5        6         8    24

        28         83       94      68        95        91    87   80     61       26   4        4         7    19

        29         65       85      42        89        78    68   56     35       43   11       10        12   21

        30         96       99      90        100       99    98   97     85       9    1        1         1    12

        31         31       44      20        49        35    28   24     18       24   14       7         4    6

        32         79       92      62        94        88    84   76     54       30   6        4         8    22

        33         70       87      51        90        81    71   62     46       36   9        10        9    16

        34         85       97      68        98        95    91   85     59       29   3        4         6    26

        35         97       99      94        100       99    99   98     92       5    1        0         1    6
        36         48       62      34        66        54    49   43     28       28   12       5         6    15

        37         78       91      61        93        87    81   74     54       30   6        6         7    20

        38         45       60      30        65        52    44   35     28       30   13       8         9    7

        39         25       37      17        43        26    20   17     18       20   17       6         3    -1

http://www.ceec.edu.tw/AbilityExam/SatStat/91SATStat/11.htm                                                          1/3
2019/2/22                                                91 學年度學科能力測驗社會科答對率及鑑別指數表
        40         67       82      51        85        74      67   61   45    31    11     7    6    16

        41         85       98      68        99        96      91   82   59    30    3      5    9    23

        42         88       98      75        99        97      93   87   68    23    2      4    6    19

        43         47       73      23        80        60      45   30   21    50    20     15   15   9

        44         65       84      42        86        79      70   57   35    42    7      9    13   22

        45         41       66      15        71        55      41   25   11    51    16     14   16   14

        46         69       87      47        90        82      72   59   41    40    8      10   13   18
        47         74       82      63        83        80      77   71   58    19    3      3    6    13

        48         53       63      38        65        61      57   48   32    25    4      4    9    16

        49         63       74      50        76        70      66   60   44    24    6      4    6    16

        50         80       93      60        94        90      86   77   51    33    4      4    9    26

        51         61       70      50        71        68      65   58   45    20    3      3    7    13

        52         74       88      59        91        83      77   67   54    29    8      6    10   13

        53         41       43      40        43        41      41   40   40    3     2      0    1    0

        54         90       96      81        97        95      94   91   76    15    2      1    3    15

        55         72       93      44        95        89      81   64   33    49    6      8    17   31

        56         48       70      26        74        61      48   32   23    44    13     13   16   9

        57         57       69      39        71        67      64   53   31    30    4      3    11   22

        58         75       95      49        96        91      83   66   41    46    5      8    17   25

        59         64       88      36        91        81      69   50   30    52    10     12   19   20

        60         67       89      38        91        84      74   57   29    51    7      10   17   28

        61         90       98      77        98        97      95   91   68    21    1      2    4    23

        62         74       83      63        85        81      77   70   59    20    4      4    7    11
        63         89       94      81        95        93      91   87   78    13    2      2    4    9

        64         91       99      77        99        98      97   92   69    22    1      1    5    23

        65         81       89      71        90        86      84   78   67    18    4      2    6    11

        66         88       97      73        97        96      94   89   64    24    1      2    5    25

        67         84       92      73        92        90      88   84   67    19    2      2    4    17

        68         83       91      73        92        89      86   80   69    18    3      3    6    11

        69         43       65      23        70        54      40   28   21    42    16     14   12   7

        70         76       93      53        94        90      83   70   44    40    4      7    13   26

        71         83       92      69        93        90      87   81   63    23    3      3    6    18

        72         61       74      48        78        68      60   53   46    26    10     8    7    7

        73         58       83      30        87        76      62   43   24    53    11     14   19   19

        74         60       80      37        83        73      63   49   32    43    10     10   14   17

        75         51       69      35        74        60      51   42   31    34    14     9    9    11

        76         75       89      58        91        85      79   70   52    31    6      6    9    18



  本表之分組係依總分得分而為之
  本表不包含使用點字卷考生人數
  P=全體到考考生答對率
  Ph=高分組(前33%)考生答對率
  Pl=低分組(後33%)考生答對率
  Pa-Pe=依成績高低分為各佔20%的五種能力組考生答對率
  D=全體到考考生鑑別度Ph-Pl
  T=多重選擇題全對率
  D1-D4=五種能力組考生鑑別度(D1=Pa-Pb...D4=Pd-Pe)
  題號前有星號者為多重選擇題,以得分率代替答對率


                                                              該題答對答案數－該題答錯答案數
                            (多選題)得分率=(Σ                                              )×100

http://www.ceec.edu.tw/AbilityExam/SatStat/91SATStat/11.htm                                                 2/3
2019/2/22                                                91 學年度學科能力測驗社會科答對率及鑑別指數表
                                                                該題答案數×考生人數
                                                              (該題未答者分子以零分計)




http://www.ceec.edu.tw/AbilityExam/SatStat/91SATStat/11.htm                         3/3
