2019/2/22                                                     91 學年度學科能力測驗社會科選擇題選項分析



                                                       91學年度學科能力測驗
                                                        社會科選擇題選項分析
    題                 未答
    號                                   A              B           C       D     E     F   G   H   I   J

            T           0             * 48            43           3       7     0     0   0   0   0   0
    1       H           0              66             31           1       2     0     0   0   0   0   0

            L           0              31             52           5      13     0     0   0   0   0   0
            T           0               8             19           5      * 68   0     0   0   0   0   0

    2       H           0               2              7           2      90     0     0   0   0   0   0
            L           0              15             31           9      45     0     0   0   0   0   0

            T           0              21              7          * 66     6     0     0   0   0   0   0

    3       H           0              15              1           84      1     0     0   0   0   0   0
            L           0              24             15           47     14     0     0   0   0   0   0

            T           0             * 95             2           3       1     0     0   0   0   0   0

    4       H           0              99              1           0       0     0     0   0   0   0   0

            L           0              89              3           6       2     0     0   0   0   0   0
            T           0              11            * 75          9       4     0     0   0   0   0   0

    5       H           0              11             82           4       2     0     0   0   0   0   0

            L           0               9             69           17      6     0     0   0   0   0   0

            T           0              15             30           3      * 52   0     0   0   0   0   0

    6       H           0               7             13           2      77     0     0   0   0   0   0
            L           0              22             47           5      26     0     0   0   0   0   0

            T           0               4            * 87          5       4     0     0   0   0   0   0

    7       H           0               1             98           0       0     0     0   0   0   0   0

            L           0               7             70           12     11     0     0   0   0   0   0

            T           0               3             32          * 45    20     0     0   0   0   0   0

    8       H           0               2             22           55     21     0     0   0   0   0   0
            L           0               4             38           40     18     0     0   0   0   0   0

            T           0              19             15          * 57     8     0     0   0   0   0   0

    9       H           0              19             13           61      7     0     0   0   0   0   0

            L           0              20             17           54      8     0     0   0   0   0   0

            T           0               5              4           28     * 62   0     0   0   0   0   0

    10      H           0               1              1           19     79     0     0   0   0   0   0

            L           0              10             10           33     47     0     0   0   0   0   0

            T           0              22            * 64          14      1     0     0   0   0   0   0
    11      H           0              15             81           4       0     0     0   0   0   0   0

            L           0              25             47           26      2     0     0   0   0   0   0

            T           0             * 53            10           26     11     0     0   0   0   0   0

    12      H           0              76              4           18      2     0     0   0   0   0   0

            L           0              30             16           30     24     0     0   0   0   0   0

            T           0               5              7          * 84     4     0     0   0   0   0   0

    13      H           0               1              2           96      0     0     0   0   0   0   0

            L           0               8             14           68     10     0     0   0   0   0   0

    14      T           0              18            * 40          29     13     0     0   0   0   0   0

http://www.ceec.edu.tw/AbilityExam/SatStat/91SATStat/16.htm                                                1/6
2019/2/22                                                     91 學年度學科能力測驗社會科選擇題選項分析

            H           0              10             66           17      7     0     0   0   0   0   0
            L           0              26             22           37     16     0     0   0   0   0   0

            T           0              12            * 56          19     13     0     0   0   0   0   0

    15      H           0               4             79           9       8     0     0   0   0   0   0

            L           0              23             36           25     16     0     0   0   0   0   0

            T           0              18             21          * 45    17     0     0   0   0   0   0

    16      H           0              16             14           64      7     0     0   0   0   0   0

            L           0              15             25           32     29     0     0   0   0   0   0

            T           0              12              3           4      * 80   0     0   0   0   0   0

    17      H           0               3              0           0      97     0     0   0   0   0   0

            L           0              22              9           11     57     0     0   0   0   0   0

            T           0             * 46            43           10      2     0     0   0   0   0   0
    18      H           0              70             29           2       0     0     0   0   0   0   0

            L           0              25             48           22      4     0     0   0   0   0   0

            T           0              19              4           3      * 74   0     0   0   0   0   0

    19      H           0               7              1           1      92     0     0   0   0   0   0

            L           0              33              9           7      51     0     0   0   0   0   0
            T           0              33              8          * 54     6     0     0   0   0   0   0

    20      H           0              24              1           72      2     0     0   0   0   0   0

            L           0              40             17           33     10     0     0   0   0   0   0

            T           0               3             21           6      * 71   0     0   0   0   0   0

    21      H           0               0              8           2      90     0     0   0   0   0   0

            L           0               7             32           10     50     0     0   0   0   0   0

            T           0              35              3          * 40    22     0     0   0   0   0   0

    22      H           0              26              1           63     10     0     0   0   0   0   0

            L           0              39              6           20     35     0     0   0   0   0   0

            T           0               2            * 88          4       6     0     0   0   0   0   0

    23      H           0               0             98           1       0     0     0   0   0   0   0

            L           0               4             72           7      17     0     0   0   0   0   0

            T           0               5             41           1      * 53   0     0   0   0   0   0

    24      H           0               2             24           0      75     0     0   0   0   0   0

            L           0              11             54           3      32     0     0   0   0   0   0

            T           0               8            * 69          11     12     0     0   0   0   0   0

    25      H           0               5             87           4       4     0     0   0   0   0   0

            L           0              11             48           17     24     0     0   0   0   0   0

            T           0               6             12           7      * 74   0     0   0   0   0   0

    26      H           0               2              6           4      88     0     0   0   0   0   0

            L           0              12             18           9      61     0     0   0   0   0   0

            T           0               5             14          * 80     1     0     0   0   0   0   0
    27      H           0               0              5           94      1     0     0   0   0   0   0

            L           0              11             25           61      2     0     0   0   0   0   0

            T           0             * 83             6           8       3     0     0   0   0   0   0

    28      H           0              94              2           3       1     0     0   0   0   0   0

            L           0              68             10           16      7     0     0   0   0   0   0

    29      T           0               8             22           4      * 65   0     0   0   0   0   0

            H           0               5              9           1      85     0     0   0   0   0   0


http://www.ceec.edu.tw/AbilityExam/SatStat/91SATStat/16.htm                                                2/6
2019/2/22                                                     91 學年度學科能力測驗社會科選擇題選項分析
            L           0              12             35           10     42     0     0   0   0   0   0

            T           0               1            * 96          1       2     0     0   0   0   0   0

    30      H           0               0             99           0       0     0     0   0   0   0   0

            L           0               3             90           2       5     0     0   0   0   0   0

            T           0              21             11          * 31    37     0     0   0   0   0   0

    31      H           0              11              7           44     39     0     0   0   0   0   0

            L           0              32             17           20     30     0     0   0   0   0   0

            T           0               7            * 79          4       9     0     0   0   0   0   0

    32      H           0               2             92           0       5     0     0   0   0   0   0

            L           0              13             62           10     15     0     0   0   0   0   0

            T           0              16              3          * 70    11     0     0   0   0   0   0

    33      H           0               7              1           87      5     0     0   0   0   0   0

            L           0              25              6           51     18     0     0   0   0   0   0

            T           0             * 85             1           5       8     0     0   0   0   0   0

    34      H           0              97              0           1       2     0     0   0   0   0   0

            L           0              68              3           11     18     0     0   0   0   0   0

            T           0             * 97             1           1       1     0     0   0   0   0   0

    35      H           0              99              0           0       0     0     0   0   0   0   0

            L           0              94              2           3       1     0     0   0   0   0   0
            T           0             * 48            13           24     15     0     0   0   0   0   0

    36      H           0              62              7           18     12     0     0   0   0   0   0

            L           0              34             19           29     18     0     0   0   0   0   0

            T           0               2            * 78          18      2     0     0   0   0   0   0

    37      H           0               0             91           8       0     0     0   0   0   0   0

            L           0               4             62           30      4     0     0   0   0   0   0

            T           0              15             15           26     * 45   0     0   0   0   0   0

    38      H           0              14              8           17     60     0     0   0   0   0   0

            L           0              13             22           35     30     0     0   0   0   0   0

            T           0               7            * 25          67      1     0     0   0   0   0   0

    39      H           0               6             37           57      0     0     0   0   0   0   0

            L           0               8             18           71      3     0     0   0   0   0   0

            T           0             * 67             5           15     14     0     0   0   0   0   0

    40      H           0              82              2           5      11     0     0   0   0   0   0

            L           0              51              9           26     14     0     0   0   0   0   0

            T           0               3            * 85          10      2     0     0   0   0   0   0

    41      H           0               0             98           2       0     0     0   0   0   0   0

            L           0               7             68           22      4     0     0   0   0   0   0

            T           0             * 89             7           2       3     0     0   0   0   0   0

    42      H           0              98              1           0       0     0     0   0   0   0   0

            L           0              75             14           5       7     0     0   0   0   0   0

            T           0             * 47            11           17     25     0     0   0   0   0   0

    43      H           0              73              7           9      10     0     0   0   0   0   0

            L           0              24             15           23     39     0     0   0   0   0   0

            T           0              21              4           9      * 66   0     0   0   0   0   0

    44      H           0              13              2           2      84     0     0   0   0   0   0

            L           0              29              7           21     42     0     0   0   0   0   0

    45      T           0               9            * 41          28     21     0     0   0   0   0   0
http://www.ceec.edu.tw/AbilityExam/SatStat/91SATStat/16.htm                                                3/6
2019/2/22                                                     91 學年度學科能力測驗社會科選擇題選項分析

            H           0               5             66           14     15     0     0   0   0   0   0

            L           0              14             15           48     23     0     0   0   0   0   0

            T           0               5              7          * 69    19     0     0   0   0   0   0

    46      H           0               2              3           87      8     0     0   0   0   0   0
            L           0               9             12           47     31     0     0   0   0   0   0

            T           0             * 74            16           2       8     0     0   0   0   0   0

    47      H           0              82             14           0       4     0     0   0   0   0   0

            L           0              63             19           5      13     0     0   0   0   0   0

            T           0             * 53            32           3      12     0     0   0   0   0   0

    48      H           0              63             23           1      12     0     0   0   0   0   0

            L           0              38             46           6      11     0     0   0   0   0   0

            T           0               5             28          * 63     4     0     0   0   0   0   0

    49      H           0               3             21           74      2     0     0   0   0   0   0

            L           0               8             35           50      7     0     0   0   0   0   0

            T           0               9            * 80          8       3     0     0   0   0   0   0

    50      H           0               3             93           3       1     0     0   0   0   0   0

            L           0              19             60           14      7     0     0   0   0   0   0

            T           0               5             13           21     * 61   0     0   0   0   0   0

    51      H           0               2              9           19     70     0     0   0   0   0   0

            L           0               9             18           23     50     0     0   0   0   0   0

            T           0               6             10          * 74     9     0     0   0   0   0   0

    52      H           0               4              3           88      4     0     0   0   0   0   0

            L           0               8             18           59     16     0     0   0   0   0   0

            T           0              18            * 41          10     30     0     0   0   0   0   0

    53      H           0              16             43           5      37     0     0   0   0   0   0

            L           0              20             40           17     22     0     0   0   0   0   0

            T           0               5            * 90          3       1     0     0   0   0   0   0

    54      H           0               3             96           1       0     0     0   0   0   0   0

            L           0               8             81           8       3     0     0   0   0   0   0

            T           0             * 72             6           6      16     0     0   0   0   0   0

    55      H           0              93              1           2       4     0     0   0   0   0   0

            L           0              44             13           12     32     0     0   0   0   0   0

            T           0               9            * 48          6      38     0     0   0   0   0   0

    56      H           0               8             70           6      16     0     0   0   0   0   0

            L           0              10             26           5      59     0     0   0   0   0   0

            T           0              18              9           16     * 57   0     0   0   0   0   0

    57      H           0              15              1           14     69     0     0   0   0   0   0

            L           0              23             20           18     39     0     0   0   0   0   0

            T           0               8              9          * 75     8     0     0   0   0   0   0

    58      H           0               2              2           95      1     0     0   0   0   0   0

            L           0              14             18           49     19     0     0   0   0   0   0

            T           0              12            * 64          8      15     0     0   0   0   0   0

    59      H           0               5             88           2       5     0     0   0   0   0   0

            L           0              19             36           17     28     0     0   0   0   0   0

    60      T           0             * 67             7           13     13     0     0   0   0   0   0

            H           0              89              2           3       6     0     0   0   0   0   0


http://www.ceec.edu.tw/AbilityExam/SatStat/91SATStat/16.htm                                                4/6
2019/2/22                                                     91 學年度學科能力測驗社會科選擇題選項分析
            L           0              38             13           28     20     0     0   0   0   0   0

            T           0               6              2           2      * 90   0     0   0   0   0   0

    61      H           0               1              0           0      98     0     0   0   0   0   0

            L           0              14              5           4      77     0     0   0   0   0   0

            T           0               6             13          * 74     7     0     0   0   0   0   0

    62      H           0               4              8           83      5     0     0   0   0   0   0

            L           0               8             18           63     11     0     0   0   0   0   0

            T           0             * 89             3           2       7     0     0   0   0   0   0

    63      H           0              94              2           0       4     0     0   0   0   0   0

            L           0              81              6           3      10     0     0   0   0   0   0

            T           0             * 91             3           4       2     0     0   0   0   0   0

    64      H           0              99              0           1       0     0     0   0   0   0   0

            L           0              77              8           10      4     0     0   0   0   0   0

            T           0               3             13          * 81     3     0     0   0   0   0   0

    65      H           0               1              9           89      2     0     0   0   0   0   0

            L           0               6             18           71      5     0     0   0   0   0   0

            T           0               2              5           5      * 88   0     0   0   0   0   0

    66      H           0               1              1           1      97     0     0   0   0   0   0

            L           0               6             11           10     73     0     0   0   0   0   0

            T           0               4              5           7      * 84   0     0   0   0   0   0

    67      H           0               2              3           3      92     0     0   0   0   0   0

            L           0               8              7           12     73     0     0   0   0   0   0

            T           0               1             10           5      * 83   0     0   0   0   0   0

    68      H           0               0              7           2      91     0     0   0   0   0   0

            L           0               2             14           11     73     0     0   0   0   0   0

            T           0              24             29          * 43     4     0     0   0   0   0   0

    69      H           0              15             19           65      2     0     0   0   0   0   0

            L           0              33             37           23      8     0     0   0   0   0   0

            T           0               3              4           17     * 76   0     0   0   0   0   0

    70      H           0               0              1           6      93     0     0   0   0   0   0

            L           0               7              9           31     53     0     0   0   0   0   0

            T           0               4              8          * 83     6     0     0   0   0   0   0

    71      H           0               2              4           92      3     0     0   0   0   0   0

            L           0               7             14           70     10     0     0   0   0   0   0

            T           1               4            * 61          17     17     0     0   0   0   0   0

    72      H           0               1             74           14     11     0     0   0   0   0   0

            L           1              10             49           20     21     0     0   0   0   0   0

            T           1             * 58            15           23      3     0     0   0   0   0   0

    73      H           0              83              6           9       1     0     0   0   0   0   0

            L           1              30             23           39      8     0     0   0   0   0   0

            T           1              10            * 60          20     10     0     0   0   0   0   0

    74      H           0               4             80           13      3     0     0   0   0   0   0

            L           1              17             37           26     19     0     0   0   0   0   0
            T           1             * 52             7           35      5     0     0   0   0   0   0

    75      H           1              69              3           25      2     0     0   0   0   0   0

            L           2              35             12           42     10     0     0   0   0   0   0

    76      T           1              15            * 76          1       7     0     0   0   0   0   0
http://www.ceec.edu.tw/AbilityExam/SatStat/91SATStat/16.htm                                                5/6
2019/2/22                                                     91 學年度學科能力測驗社會科選擇題選項分析

            H           1               6             89           0       4     0     0   0   0   0   0

            L           2              27             58           2      12     0     0   0   0   0   0



   本表之分組係依總分得分而為之
   題號前有星號者為多重選擇題
   T,H,L 分別為全部到考考生,高分組考生(前33%),低分組考生(後33%)之答案百分比
   各答案百分比前有星號者為標準答案
   各答案百分比=畫記該答案人數÷該組(高分組,低分組,全體)全部到考人數
   因小數點四捨五入,各選項百分比總計近似100%




http://www.ceec.edu.tw/AbilityExam/SatStat/91SATStat/16.htm                                                6/6
