                            113學年度學科能力測驗
                            社會科 答對率及鑑別度表
報考人數：95,925                   缺考人數：4,232                        到考人數：91,693
題號   P    Ph    Pl    Pa    Pb    Pc    Pd    Pe    T   D       D1    D2    D3    D4
 1   69    79    58    82    74    71    66    54       21        8     3     5    12
 2   32    33    30    33    33    32    33    28           3     0     1    -1     5
 3   86    97    71    98    95    91    84    63       26        3     4     7    21
 4   44    68    23    75    55    41    29    20       45       20    14    12     9
 5   69    77    62    80    70    67    66    60       15       10     3     1     6
 6   52    57    50    60    52    50    51    48           7     8     2    -1     3
 7   29    36    22    38    31    28    26    20       14        7     3     2     6
 8   72    90    51    93    85    76    64    45       39        8     9    12    19
 9   81    97    59    98    94    88    77    49       38        4     6    11    28
10   70    82    58    85    76    70    66    54       24        9     6     4    12
11   36    56    22    63    43    30    23    22       34       20    13     7     1
12   62    78    44    82    71    64    54    37       34       11     7    10    17
13   43    64    27    72    50    38    31    25       37       22    12     7     6
14   63    85    38    89    77    65    50    33       47       12    12    15    17
15   36    46    26    50    38    35    32    23       20       12     3     3     9
16   46    68    26    74    57    44    33    23       42       17    13    11    10
17   30    49    15    54    38    28    19    13       34       16    10     9     6
18   41    56    26    60    50    42    33    22       30       10     8     9    11
19   44    54    30    56    51    46    39    25       24        5     5     7    14
20   30    45    17    51    34    27    21    15       28       17     7     6     6
21   37    53    22    58    44    37    28    18       31       14     7     9    10
22   69    84    51    86    80    73    63    44       33        6     7    10    19
23   72    85    58    87    80    74    68    52       27        7     6     6    16
24   37    46    29    49    41    37    33    26       17        8     4     4     7
25   56    74    37    79    67    58    46    32       37       12     9    12    14
26   87    98    71    99    97    93    87    62       27        2     4     6    25
27   71    88    53    91    81    72    63    48       35       10     9     9    15
28   40    42    38    42    42    42    41    36           4     0     0     1     5
29   57    79    35    84    69    57    43    31       44       15    12    14    12
                            113學年度學科能力測驗
                            社會科 答對率及鑑別度表
報考人數：95,925                   缺考人數：4,232                        到考人數：91,693
題號   P    Ph    Pl    Pa    Pb    Pc    Pd    Pe    T   D       D1    D2    D3    D4
30   46    54    37    57    49    46    43    33       17        8     3     3    10
31   60    82    36    86    74    62    47    30       46       12    12    15    17
32   45    67    26    73    56    43    32    24       41       17    13    11     8
33   76    93    53    95    89    81    68    45       40        6     8    13    23
34   74    84    58    86    82    79    74    48       26        4     3     5    26
35   41    58    28    65    47    37    31    27       30       18    10     6     4
36   60    88    30    92    79    63    44    22       58       13    16    19    22
37   57    70    41    72    65    61    53    34       29        7     4     8    19
39   62    75    45    77    70    65    57    38       30        7     5     8    19
41   66    84    44    88    78    69    58    36       40       10     9    11    22
42   75    86    62    88    82    79    74    54       24        6     3     5    20
44   66    79    52    83    72    66    61    46       27       11     6     5    15
45   51    56    43    59    53    53    50    39       13        6     0     3    11
47   45    52    35    52    51    49    45    30       17        1     2     4    15
48   52    51    49    51    53    55    56    44           2    -2    -2    -1    12
51   60    89    29    94    80    62    42    23       60       14    18    20    19
52   51    76    32    83    61    46    36    30       44       22    15    10     6
54   54    81    29    87    68    52    39    25       52       19    16    13    14
55   36    54    22    60    42    33    26    20       32       18     9     7     6
56   48    70    25    76    60    48    34    20       45       16    12    14    14
58   61    70    48    73    67    64    60    41       22        6     3     4    19
59   73    91    51    93    86    78    68    41       40        7     8    10    27
61   64    85    39    88    79    68    55    31       46        9    11    13    24
62   52    73    32    80    62    50    38    28       41       18    12    12    10
63   40    59    23    65    48    37    28    21       36       17    11     9     7

註：
1.本表依原得總分進行分組
2.本表不包含使用點字卷考生
                           113學年度學科能力測驗
                           社會科 答對率及鑑別度表
 報考人數：95,925                 缺考人數：4,232                   到考人數：91,693
題號    P    Ph   Pl    Pa   Pb   Pc    Pd     Pe   T   D   D1   D2   D3   D4
3.P=全體到考考生答對率
4.Ph=高分組(前33%)考生答對率
5.Pl=低分組(後33%)考生答對率
6.Pa~Pe=依成績高低分為各佔20%的五種能力組考生答對率
7.T=多選題全對率
8.D=全體到考考生鑑別度(D=Ph-Pl)
9.D1~D4=五種能力組考生鑑別度(D1=Pa-Pb, D2=Pb-Pc, D3=Pc-Pd, D4=Pd-Pe)
10.題號前有「*」符號者為多選題,以得分率代替答對率


                     Σ該題考生得分
(多選題)得分率=(                           )×100
                 考生人數x該題題分



                (該題未答者分子以零分計)
